   5.0   80.0  -5.000  -4.500    0   10                       [0]+[1]*x+[2]*x^2+[3]*log(x)   4    -31.88246      0.03715      0.00400     22.06019
   5.0   80.0  -5.000  -4.500   10   20                       [0]+[1]*x+[2]*x^2+[3]*log(x)   4    -37.83941     -0.19687      0.00694     23.22842
   5.0   80.0  -5.000  -4.500   20   30                       [0]+[1]*x+[2]*x^2+[3]*log(x)   4    -50.05770     -0.30873      0.00820     26.12398
   5.0   80.0  -5.000  -4.500   30   40                       [0]+[1]*x+[2]*x^2+[3]*log(x)   4    -38.48035      0.32786      0.00271     18.49149
   5.0   60.0  -5.000  -4.500   40   60                       [0]+[1]*x+[2]*x^2+[3]*log(x)   4    -59.45806     -0.60873      0.00903     31.45837
   5.0   60.0  -5.000  -4.500   60   80                       [0]+[1]*x+[2]*x^2+[3]*log(x)   4    -52.38968     -0.13823      0.00335     26.92843
   5.0   60.0  -5.000  -4.500   80   -1                       [0]+[1]*x+[2]*x^2+[3]*log(x)   4    -38.36067      0.61203     -0.00485     17.78042
   5.0  100.0  -4.500  -4.000    0   10                       [0]+[1]*x+[2]*x^2+[3]*log(x)   4    -20.55776      0.31221      0.00260     15.98370
   5.0  100.0  -4.500  -4.000   10   20                       [0]+[1]*x+[2]*x^2+[3]*log(x)   4    -16.95439      0.43997      0.00205     12.26199
   5.0  100.0  -4.500  -4.000   20   30                       [0]+[1]*x+[2]*x^2+[3]*log(x)   4    -13.54736      0.59902      0.00085      8.96063
   5.0  100.0  -4.500  -4.000   30   40                       [0]+[1]*x+[2]*x^2+[3]*log(x)   4    -13.78844      0.66020      0.00015      8.58969
   5.0  100.0  -4.500  -4.000   40   60                       [0]+[1]*x+[2]*x^2+[3]*log(x)   4    -35.26374     -0.15577      0.00599     21.14560
   5.0  100.0  -4.500  -4.000   60   80                       [0]+[1]*x+[2]*x^2+[3]*log(x)   4    -28.15900      0.10655      0.00449     17.19897
   5.0  100.0  -4.500  -4.000   80   -1                       [0]+[1]*x+[2]*x^2+[3]*log(x)   4    -29.61761      0.03355      0.00433     18.05730
   5.0  200.0  -4.000  -3.600    0   10                       [0]+[1]*x+[2]*x^2+[3]*log(x)   4    -12.49712      0.62308      0.00084     10.62725
   5.0  200.0  -4.000  -3.600   10   20                       [0]+[1]*x+[2]*x^2+[3]*log(x)   4    -13.38616      0.65661      0.00062      8.91355
   5.0  200.0  -4.000  -3.600   20   30                       [0]+[1]*x+[2]*x^2+[3]*log(x)   4    -12.94539      0.72941      0.00030      6.80367
   5.0  150.0  -4.000  -3.600   30   40                       [0]+[1]*x+[2]*x^2+[3]*log(x)   4    -23.02941      0.51851      0.00113     11.40395
   5.0  150.0  -4.000  -3.600   40   60                       [0]+[1]*x+[2]*x^2+[3]*log(x)   4    -27.41161      0.41664      0.00159     14.05762
   5.0  150.0  -4.000  -3.600   60   80                       [0]+[1]*x+[2]*x^2+[3]*log(x)   4    -20.57164      0.58703      0.00074     10.88823
   5.0  150.0  -4.000  -3.600   80   -1                       [0]+[1]*x+[2]*x^2+[3]*log(x)   4    -23.03824      0.64078     -0.00011     11.12375
   5.0  150.0  -3.600  -3.300    0   10                       [0]+[1]*x+[2]*x^2+[3]*log(x)   4    -22.03851      0.44717      0.00190     16.08504
   5.0  150.0  -3.600  -3.300   10   20                       [0]+[1]*x+[2]*x^2+[3]*log(x)   4    -19.17640      0.56264      0.00133     12.66809
   5.0  150.0  -3.600  -3.300   20   30                       [0]+[1]*x+[2]*x^2+[3]*log(x)   4    -16.57116      0.66788      0.00087      9.81015
   5.0  150.0  -3.600  -3.300   30   40                       [0]+[1]*x+[2]*x^2+[3]*log(x)   4    -22.58349      0.58634      0.00093     12.30335
   5.0  150.0  -3.600  -3.300   40   60                       [0]+[1]*x+[2]*x^2+[3]*log(x)   4    -28.80768      0.40174      0.00195     16.19885
   5.0  150.0  -3.600  -3.300   60   80                       [0]+[1]*x+[2]*x^2+[3]*log(x)   4    -33.31887      0.19724      0.00327     18.97743
   5.0  110.0  -3.600  -3.300   80   -1                       [0]+[1]*x+[2]*x^2+[3]*log(x)   4    -41.54907     -0.11352      0.00573     23.25144
   5.0  300.0  -3.300  -3.000    0   10                       [0]+[1]*x+[2]*x^2+[3]*log(x)   4    -19.45260      0.68834      0.00048     13.85284
   5.0  300.0  -3.300  -3.000   10   20                       [0]+[1]*x+[2]*x^2+[3]*log(x)   4    -13.14142      0.81298      0.00021      9.15424
   5.0  300.0  -3.300  -3.000   20   30                       [0]+[1]*x+[2]*x^2+[3]*log(x)   4     -2.31769      1.07191     -0.00085      2.52529
   5.0  300.0  -3.300  -3.000   30   40                       [0]+[1]*x+[2]*x^2+[3]*log(x)   4    -10.99835      0.86131     -0.00003      6.85929
   5.0  300.0  -3.300  -3.000   40   60                       [0]+[1]*x+[2]*x^2+[3]*log(x)   4    -14.78495      0.80353      0.00006      9.00255
   5.0  110.0  -3.300  -3.000   60   80                       [0]+[1]*x+[2]*x^2+[3]*log(x)   4    -24.25783      0.48150      0.00219     14.38631
   5.0  110.0  -3.300  -3.000   80   -1                       [0]+[1]*x+[2]*x^2+[3]*log(x)   4    -26.99752      0.35907      0.00298     15.74733
   5.0  300.0  -3.000  -2.700    0   10                       [0]+[1]*x+[2]*x^2+[3]*log(x)   4    -58.62133      0.19448      0.00286     37.46396
   5.0  300.0  -3.000  -2.700   10   20                       [0]+[1]*x+[2]*x^2+[3]*log(x)   4    -59.31858      0.42735      0.00193     33.24323
   5.0  300.0  -3.000  -2.700   20   30                       [0]+[1]*x+[2]*x^2+[3]*log(x)   4    -68.40698      0.51403      0.00153     33.42433
   5.0  300.0  -3.000  -2.700   30   40                       [0]+[1]*x+[2]*x^2+[3]*log(x)   4    -81.64399      0.33348      0.00211     38.72217
   5.0  300.0  -3.000  -2.700   40   60                       [0]+[1]*x+[2]*x^2+[3]*log(x)   4    -84.02132      0.20343      0.00253     41.38525
   5.0   80.0  -3.000  -2.700   60   80                       [0]+[1]*x+[2]*x^2+[3]*log(x)   4   -121.87307     -1.37304      0.01378     64.03339
   5.0   80.0  -3.000  -2.700   80   -1                       [0]+[1]*x+[2]*x^2+[3]*log(x)   4   -153.98834     -2.31052      0.01932     80.17210
   5.0  300.0  -2.700  -2.500    0   10                       [0]+[1]*x+[2]*x^2+[3]*log(x)   4    -44.35169      0.47182      0.00143     28.75038
   5.0  300.0  -2.700  -2.500   10   20                       [0]+[1]*x+[2]*x^2+[3]*log(x)   4    -50.71579      0.56732      0.00110     27.27564
   5.0  300.0  -2.700  -2.500   20   30                       [0]+[1]*x+[2]*x^2+[3]*log(x)   4    -60.31362      0.64962      0.00081     27.29934
   5.0  300.0  -2.700  -2.500   30   40                       [0]+[1]*x+[2]*x^2+[3]*log(x)   4    -64.95003      0.58377      0.00100     28.99183
   5.0  300.0  -2.700  -2.500   40   60                       [0]+[1]*x+[2]*x^2+[3]*log(x)   4    -70.66998      0.43588      0.00140     32.84556
   5.0  200.0  -2.700  -2.500   60   80                       [0]+[1]*x+[2]*x^2+[3]*log(x)   4    -83.52703      0.06309      0.00306     40.26340
   5.0  200.0  -2.700  -2.500   80   -1                       [0]+[1]*x+[2]*x^2+[3]*log(x)   4    -87.37175      0.03052      0.00342     41.31810
   5.0  300.0  -2.500  -2.300    0   10                       [0]+[1]*x+[2]*x^2+[3]*log(x)   4    -28.81682      0.70504      0.00074     20.87731
   5.0  300.0  -2.500  -2.300   10   20                       [0]+[1]*x+[2]*x^2+[3]*log(x)   4    -27.92301      0.78543      0.00050     18.29036
   5.0  300.0  -2.500  -2.300   20   30                       [0]+[1]*x+[2]*x^2+[3]*log(x)   4    -30.44487      0.81311      0.00043     17.60126
   5.0  300.0  -2.500  -2.300   30   40                       [0]+[1]*x+[2]*x^2+[3]*log(x)   4    -32.12806      0.77588      0.00052     18.37127
   5.0  300.0  -2.500  -2.300   40   60                       [0]+[1]*x+[2]*x^2+[3]*log(x)   4    -32.74989      0.75607      0.00054     19.27172
   5.0  300.0  -2.500  -2.300   60   80                       [0]+[1]*x+[2]*x^2+[3]*log(x)   4    -33.63568      0.72888      0.00069     20.05873
   5.0  300.0  -2.500  -2.300   80   -1                       [0]+[1]*x+[2]*x^2+[3]*log(x)   4    -42.05134      0.57999      0.00118     23.70871
   5.0  300.0  -2.300  -2.100    0   10                       [0]+[1]*x+[2]*x^2+[3]*log(x)   4    -23.78476      0.83472      0.00036     17.67528
   5.0  300.0  -2.300  -2.100   10   20                       [0]+[1]*x+[2]*x^2+[3]*log(x)   4    -23.43390      0.90094      0.00019     15.60681
   5.0  300.0  -2.300  -2.100   20   30                       [0]+[1]*x+[2]*x^2+[3]*log(x)   4    -25.51172      0.89062      0.00023     15.32691
   5.0  300.0  -2.300  -2.100   30   40                       [0]+[1]*x+[2]*x^2+[3]*log(x)   4    -27.33727      0.88055      0.00026     15.83531
   5.0  300.0  -2.300  -2.100   40   60                       [0]+[1]*x+[2]*x^2+[3]*log(x)   4    -32.11999      0.78514      0.00048     18.67744
   5.0  300.0  -2.300  -2.100   60   80                       [0]+[1]*x+[2]*x^2+[3]*log(x)   4    -28.63455      0.85517      0.00029     17.29075
   5.0  300.0  -2.300  -2.100   80   -1                       [0]+[1]*x+[2]*x^2+[3]*log(x)   4    -29.42393      0.86331      0.00032     17.19974
   5.0  300.0  -2.100  -1.900    0   10                       [0]+[1]*x+[2]*x^2+[3]*log(x)   4    -26.11951      0.82995      0.00045     18.91278
   5.0  300.0  -2.100  -1.900   10   20                       [0]+[1]*x+[2]*x^2+[3]*log(x)   4    -27.56106      0.84799      0.00039     18.09171
   5.0  300.0  -2.100  -1.900   20   30                       [0]+[1]*x+[2]*x^2+[3]*log(x)   4    -25.77525      0.91786      0.00021     16.08513
   5.0  300.0  -2.100  -1.900   30   40                       [0]+[1]*x+[2]*x^2+[3]*log(x)   4    -28.33890      0.85330      0.00040     17.42048
   5.0  300.0  -2.100  -1.900   40   60                       [0]+[1]*x+[2]*x^2+[3]*log(x)   4    -29.34003      0.84743      0.00036     18.20858
   5.0  300.0  -2.100  -1.900   60   80                       [0]+[1]*x+[2]*x^2+[3]*log(x)   4    -28.85388      0.84765      0.00042     18.24601
   5.0  300.0  -2.100  -1.900   80   -1                       [0]+[1]*x+[2]*x^2+[3]*log(x)   4    -33.54946      0.76572      0.00071     20.27065
   5.0  300.0  -1.900  -1.700    0   10                       [0]+[1]*x+[2]*x^2+[3]*log(x)   4    -28.07185      0.86051      0.00039     19.81103
   5.0  300.0  -1.900  -1.700   10   20                       [0]+[1]*x+[2]*x^2+[3]*log(x)   4    -27.95568      0.90526      0.00024     18.49371
   5.0  300.0  -1.900  -1.700   20   30                       [0]+[1]*x+[2]*x^2+[3]*log(x)   4    -29.01397      0.92544      0.00018     18.03657
   5.0  300.0  -1.900  -1.700   30   40                       [0]+[1]*x+[2]*x^2+[3]*log(x)   4    -31.56649      0.87557      0.00028     19.30376
   5.0  300.0  -1.900  -1.700   40   60                       [0]+[1]*x+[2]*x^2+[3]*log(x)   4    -31.97055      0.86610      0.00033     19.75151
   5.0  300.0  -1.900  -1.700   60   80                       [0]+[1]*x+[2]*x^2+[3]*log(x)   4    -36.04445      0.78785      0.00060     21.99356
   5.0  300.0  -1.900  -1.700   80   -1                       [0]+[1]*x+[2]*x^2+[3]*log(x)   4    -31.39493      0.86959      0.00044     19.49219
   5.0  300.0  -1.700  -1.500    0   10                       [0]+[1]*x+[2]*x^2+[3]*log(x)   4    -29.41702      0.91435      0.00022     20.13315
   5.0  300.0  -1.700  -1.500   10   20                       [0]+[1]*x+[2]*x^2+[3]*log(x)   4    -31.85731      0.92011      0.00020     20.02819
   5.0  300.0  -1.700  -1.500   20   30                       [0]+[1]*x+[2]*x^2+[3]*log(x)   4    -31.43875      0.95521      0.00009     19.04675
   5.0  300.0  -1.700  -1.500   30   40                       [0]+[1]*x+[2]*x^2+[3]*log(x)   4    -34.63006      0.91032      0.00021     20.46562
   5.0  300.0  -1.700  -1.500   40   60                       [0]+[1]*x+[2]*x^2+[3]*log(x)   4    -31.59017      0.98915     -0.00002     19.04440
   5.0  300.0  -1.700  -1.500   60   80                       [0]+[1]*x+[2]*x^2+[3]*log(x)   4    -35.66641      0.90703      0.00024     21.35085
   5.0  300.0  -1.700  -1.500   80   -1                       [0]+[1]*x+[2]*x^2+[3]*log(x)   4    -36.37962      0.86267      0.00046     21.81316
   5.0  300.0  -1.500  -1.300    0   10                       [0]+[1]*x+[2]*x^2+[3]*log(x)   4    -32.09257      1.06361      0.00006     20.88967
   5.0  300.0  -1.500  -1.300   10   20                       [0]+[1]*x+[2]*x^2+[3]*log(x)   4    -34.77828      1.05418      0.00012     20.82041
   5.0  300.0  -1.500  -1.300   20   30                       [0]+[1]*x+[2]*x^2+[3]*log(x)   4    -33.43562      1.11362     -0.00002     19.18901
   5.0  300.0  -1.500  -1.300   30   40                       [0]+[1]*x+[2]*x^2+[3]*log(x)   4    -37.16666      1.05132      0.00010     20.95851
   5.0  300.0  -1.500  -1.300   40   60                       [0]+[1]*x+[2]*x^2+[3]*log(x)   4    -37.15651      1.06465      0.00008     21.12846
   5.0  300.0  -1.500  -1.300   60   80                       [0]+[1]*x+[2]*x^2+[3]*log(x)   4    -36.14103      1.07351      0.00014     20.88301
   5.0  300.0  -1.500  -1.300   80   -1                       [0]+[1]*x+[2]*x^2+[3]*log(x)   4    -35.39247      1.09963      0.00004     20.35067
   5.0  300.0  -1.300  -1.000    0   10                       [0]+[1]*x+[2]*x^2+[3]*log(x)   4    -30.10709      0.93740      0.00026     19.81587
   5.0  300.0  -1.300  -1.000   10   20                       [0]+[1]*x+[2]*x^2+[3]*log(x)   4    -30.91340      0.98208      0.00011     18.76950
   5.0  300.0  -1.300  -1.000   20   30                       [0]+[1]*x+[2]*x^2+[3]*log(x)   4    -33.38531      0.98491      0.00011     18.93688
   5.0  300.0  -1.300  -1.000   30   40                       [0]+[1]*x+[2]*x^2+[3]*log(x)   4    -33.92120      0.98869      0.00009     19.05567
   5.0  300.0  -1.300  -1.000   40   60                       [0]+[1]*x+[2]*x^2+[3]*log(x)   4    -36.53376      0.94104      0.00023     20.48684
   5.0  300.0  -1.300  -1.000   60   80                       [0]+[1]*x+[2]*x^2+[3]*log(x)   4    -35.93442      0.94942      0.00025     20.36660
   5.0  300.0  -1.300  -1.000   80   -1                       [0]+[1]*x+[2]*x^2+[3]*log(x)   4    -36.75039      0.94011      0.00027     20.65959
   5.0  300.0  -1.000  -0.800    0   10                       [0]+[1]*x+[2]*x^2+[3]*log(x)   4    -26.06124      0.96237      0.00015     17.63347
   5.0  300.0  -1.000  -0.800   10   20                       [0]+[1]*x+[2]*x^2+[3]*log(x)   4    -27.19923      1.00127      0.00004     16.85741
   5.0  300.0  -1.000  -0.800   20   30                       [0]+[1]*x+[2]*x^2+[3]*log(x)   4    -29.86360      0.97931      0.00012     17.39212
   5.0  300.0  -1.000  -0.800   30   40                       [0]+[1]*x+[2]*x^2+[3]*log(x)   4    -29.69242      1.00064      0.00005     17.13843
   5.0  300.0  -1.000  -0.800   40   60                       [0]+[1]*x+[2]*x^2+[3]*log(x)   4    -32.32650      0.97084      0.00015     18.29292
   5.0  300.0  -1.000  -0.800   60   80                       [0]+[1]*x+[2]*x^2+[3]*log(x)   4    -31.40955      0.97775      0.00018     18.09950
   5.0  300.0  -1.000  -0.800   80   -1                       [0]+[1]*x+[2]*x^2+[3]*log(x)   4    -33.06191      0.95456      0.00022     18.78561
   5.0  300.0  -0.800  -0.600    0   10                       [0]+[1]*x+[2]*x^2+[3]*log(x)   4    -26.24852      0.94157      0.00020     17.67277
   5.0  300.0  -0.800  -0.600   10   20                       [0]+[1]*x+[2]*x^2+[3]*log(x)   4    -28.22561      0.94503      0.00023     17.54211
   5.0  300.0  -0.800  -0.600   20   30                       [0]+[1]*x+[2]*x^2+[3]*log(x)   4    -29.22706      0.96582      0.00016     17.22307
   5.0  300.0  -0.800  -0.600   30   40                       [0]+[1]*x+[2]*x^2+[3]*log(x)   4    -31.55039      0.94324      0.00025     18.06131
   5.0  300.0  -0.800  -0.600   40   60                       [0]+[1]*x+[2]*x^2+[3]*log(x)   4    -31.39971      0.96449      0.00018     17.90083
   5.0  300.0  -0.800  -0.600   60   80                       [0]+[1]*x+[2]*x^2+[3]*log(x)   4    -33.77147      0.92771      0.00034     19.03606
   5.0  300.0  -0.800  -0.600   80   -1                       [0]+[1]*x+[2]*x^2+[3]*log(x)   4    -32.54863      0.95900      0.00026     18.16046
   5.0  300.0  -0.600  -0.400    0   10                       [0]+[1]*x+[2]*x^2+[3]*log(x)   4    -24.77374      0.92642      0.00023     17.22496
   5.0  300.0  -0.600  -0.400   10   20                       [0]+[1]*x+[2]*x^2+[3]*log(x)   4    -27.02872      0.96045      0.00017     16.99865
   5.0  300.0  -0.600  -0.400   20   30                       [0]+[1]*x+[2]*x^2+[3]*log(x)   4    -29.58569      0.95155      0.00022     17.42175
   5.0  300.0  -0.600  -0.400   30   40                       [0]+[1]*x+[2]*x^2+[3]*log(x)   4    -27.76822      1.00840      0.00009     16.24460
   5.0  300.0  -0.600  -0.400   40   60                       [0]+[1]*x+[2]*x^2+[3]*log(x)   4    -33.96537      0.95218      0.00022     18.75289
   5.0  300.0  -0.600  -0.400   60   80                       [0]+[1]*x+[2]*x^2+[3]*log(x)   4    -31.70622      1.00348      0.00011     17.47866
   5.0  300.0  -0.600  -0.400   80   -1                       [0]+[1]*x+[2]*x^2+[3]*log(x)   4    -35.52085      0.95613      0.00028     18.70000
   5.0  300.0  -0.400  -0.200    0   10                       [0]+[1]*x+[2]*x^2+[3]*log(x)   4    -25.53687      0.84003      0.00019     18.39697
   5.0  300.0  -0.400  -0.200   10   20                       [0]+[1]*x+[2]*x^2+[3]*log(x)   4    -26.89908      0.94971      0.00005     17.27542
   5.0  300.0  -0.400  -0.200   20   30                       [0]+[1]*x+[2]*x^2+[3]*log(x)   4    -28.98621      0.97183      0.00010     17.02362
   5.0  300.0  -0.400  -0.200   30   40                       [0]+[1]*x+[2]*x^2+[3]*log(x)   4    -28.63596      1.00306      0.00005     16.35107
   5.0  300.0  -0.400  -0.200   40   60                       [0]+[1]*x+[2]*x^2+[3]*log(x)   4    -31.13480      0.99447      0.00009     17.17001
   5.0  300.0  -0.400  -0.200   60   80                       [0]+[1]*x+[2]*x^2+[3]*log(x)   4    -34.12883      0.98557      0.00014     18.01983
   5.0  300.0  -0.400  -0.200   80   -1                       [0]+[1]*x+[2]*x^2+[3]*log(x)   4    -37.75496      1.00175      0.00010     18.46976
   5.0  110.0  -0.200   0.000    0   10                       [0]+[1]*x+[2]*x^2+[3]*log(x)   4    -58.81283     -0.42574      0.00596     38.12451
   5.0  300.0  -0.200   0.000   10   20                       [0]+[1]*x+[2]*x^2+[3]*log(x)   4    -27.05009      0.91742     -0.00007     17.58788
   5.0  300.0  -0.200   0.000   20   30                       [0]+[1]*x+[2]*x^2+[3]*log(x)   4    -28.73655      0.98128      0.00002     16.78504
   5.0  300.0  -0.200   0.000   30   40                       [0]+[1]*x+[2]*x^2+[3]*log(x)   4    -27.73498      1.01343      0.00004     15.71314
   5.0  300.0  -0.200   0.000   40   60                       [0]+[1]*x+[2]*x^2+[3]*log(x)   4    -29.02756      1.01296      0.00007     16.00829
   5.0  300.0  -0.200   0.000   60   80                       [0]+[1]*x+[2]*x^2+[3]*log(x)   4    -32.94159      1.00042      0.00013     17.08806
   5.0  300.0  -0.200   0.000   80   -1                       [0]+[1]*x+[2]*x^2+[3]*log(x)   4    -39.08334      1.02077      0.00009     18.12555
   5.0  110.0   0.000   0.200    0   10                       [0]+[1]*x+[2]*x^2+[3]*log(x)   4    -57.00545     -0.36815      0.00593     37.22021
   5.0  300.0   0.000   0.200   10   20                       [0]+[1]*x+[2]*x^2+[3]*log(x)   4    -28.93494      0.89649     -0.00003     18.38901
   5.0  300.0   0.000   0.200   20   30                       [0]+[1]*x+[2]*x^2+[3]*log(x)   4    -29.73212      0.96339      0.00006     17.25854
   5.0  300.0   0.000   0.200   30   40                       [0]+[1]*x+[2]*x^2+[3]*log(x)   4    -27.25900      1.02763     -0.00000     15.47264
   5.0  300.0   0.000   0.200   40   60                       [0]+[1]*x+[2]*x^2+[3]*log(x)   4    -29.73877      1.00550      0.00008     16.37401
   5.0  300.0   0.000   0.200   60   80                       [0]+[1]*x+[2]*x^2+[3]*log(x)   4    -34.64553      0.99732      0.00013     17.67207
   5.0  300.0   0.000   0.200   80   -1                       [0]+[1]*x+[2]*x^2+[3]*log(x)   4    -42.54429      0.97819      0.00018     19.57775
   5.0  300.0   0.200   0.400    0   10                       [0]+[1]*x+[2]*x^2+[3]*log(x)   4    -27.63145      0.77336      0.00040     19.54178
   5.0  300.0   0.200   0.400   10   20                       [0]+[1]*x+[2]*x^2+[3]*log(x)   4    -27.92660      0.92033      0.00015     17.83815
   5.0  300.0   0.200   0.400   20   30                       [0]+[1]*x+[2]*x^2+[3]*log(x)   4    -27.63591      0.99815      0.00002     16.39687
   5.0  300.0   0.200   0.400   30   40                       [0]+[1]*x+[2]*x^2+[3]*log(x)   4    -27.97390      1.01174      0.00003     16.06516
   5.0  300.0   0.200   0.400   40   60                       [0]+[1]*x+[2]*x^2+[3]*log(x)   4    -29.29565      1.01188      0.00004     16.47334
   5.0  300.0   0.200   0.400   60   80                       [0]+[1]*x+[2]*x^2+[3]*log(x)   4    -32.54266      1.00763      0.00008     17.30031
   5.0  300.0   0.200   0.400   80   -1                       [0]+[1]*x+[2]*x^2+[3]*log(x)   4    -34.40317      1.04173      0.00003     16.99804
   5.0  300.0   0.400   0.600    0   10                       [0]+[1]*x+[2]*x^2+[3]*log(x)   4    -25.78795      0.91609      0.00025     17.66501
   5.0  300.0   0.400   0.600   10   20                       [0]+[1]*x+[2]*x^2+[3]*log(x)   4    -28.18290      0.92586      0.00029     17.74711
   5.0  300.0   0.400   0.600   20   30                       [0]+[1]*x+[2]*x^2+[3]*log(x)   4    -29.50741      0.96811      0.00017     17.27666
   5.0  300.0   0.400   0.600   30   40                       [0]+[1]*x+[2]*x^2+[3]*log(x)   4    -30.66610      0.95736      0.00021     17.67866
   5.0  300.0   0.400   0.600   40   60                       [0]+[1]*x+[2]*x^2+[3]*log(x)   4    -32.69536      0.95613      0.00023     18.30057
   5.0  300.0   0.400   0.600   60   80                       [0]+[1]*x+[2]*x^2+[3]*log(x)   4    -32.11809      0.98026      0.00021     17.81721
   5.0  300.0   0.400   0.600   80   -1                       [0]+[1]*x+[2]*x^2+[3]*log(x)   4    -35.16278      0.97654      0.00019     18.52408
   5.0  300.0   0.600   0.800    0   10                       [0]+[1]*x+[2]*x^2+[3]*log(x)   4    -28.87704      0.89014      0.00038     19.05930
   5.0  300.0   0.600   0.800   10   20                       [0]+[1]*x+[2]*x^2+[3]*log(x)   4    -29.62261      0.93507      0.00028     18.16345
   5.0  300.0   0.600   0.800   20   30                       [0]+[1]*x+[2]*x^2+[3]*log(x)   4    -29.71740      0.97134      0.00018     17.39352
   5.0  300.0   0.600   0.800   30   40                       [0]+[1]*x+[2]*x^2+[3]*log(x)   4    -31.59916      0.96434      0.00017     18.07267
   5.0  300.0   0.600   0.800   40   60                       [0]+[1]*x+[2]*x^2+[3]*log(x)   4    -30.45234      1.00293      0.00010     17.38353
   5.0  300.0   0.600   0.800   60   80                       [0]+[1]*x+[2]*x^2+[3]*log(x)   4    -34.09066      0.92884      0.00034     19.22438
   5.0  300.0   0.600   0.800   80   -1                       [0]+[1]*x+[2]*x^2+[3]*log(x)   4    -33.45244      0.96029      0.00024     18.59209
   5.0  300.0   0.800   1.000    0   10                       [0]+[1]*x+[2]*x^2+[3]*log(x)   4    -27.72463      0.93504      0.00025     18.44276
   5.0  300.0   0.800   1.000   10   20                       [0]+[1]*x+[2]*x^2+[3]*log(x)   4    -29.10100      0.96869      0.00015     17.81906
   5.0  300.0   0.800   1.000   20   30                       [0]+[1]*x+[2]*x^2+[3]*log(x)   4    -29.94496      0.96983      0.00017     17.54669
   5.0  300.0   0.800   1.000   30   40                       [0]+[1]*x+[2]*x^2+[3]*log(x)   4    -31.51550      0.96406      0.00019     18.08153
   5.0  300.0   0.800   1.000   40   60                       [0]+[1]*x+[2]*x^2+[3]*log(x)   4    -32.98719      0.95281      0.00023     18.78971
   5.0  300.0   0.800   1.000   60   80                       [0]+[1]*x+[2]*x^2+[3]*log(x)   4    -33.48824      0.93326      0.00031     19.16304
   5.0  300.0   0.800   1.000   80   -1                       [0]+[1]*x+[2]*x^2+[3]*log(x)   4    -31.54141      0.99662      0.00011     17.89479
   5.0  300.0   1.000   1.300    0   10                       [0]+[1]*x+[2]*x^2+[3]*log(x)   4    -29.97785      0.94266      0.00024     19.80630
   5.0  300.0   1.000   1.300   10   20                       [0]+[1]*x+[2]*x^2+[3]*log(x)   4    -32.06131      0.95708      0.00020     19.40397
   5.0  300.0   1.000   1.300   20   30                       [0]+[1]*x+[2]*x^2+[3]*log(x)   4    -33.84265      0.98163      0.00013     19.12623
   5.0  300.0   1.000   1.300   30   40                       [0]+[1]*x+[2]*x^2+[3]*log(x)   4    -32.28486      1.01575      0.00003     18.32979
   5.0  300.0   1.000   1.300   40   60                       [0]+[1]*x+[2]*x^2+[3]*log(x)   4    -33.55038      1.00681      0.00003     19.08503
   5.0  300.0   1.000   1.300   60   80                       [0]+[1]*x+[2]*x^2+[3]*log(x)   4    -33.35124      0.98624      0.00015     19.32047
   5.0  300.0   1.000   1.300   80   -1                       [0]+[1]*x+[2]*x^2+[3]*log(x)   4    -35.68273      0.96019      0.00023     20.17695
   5.0  300.0   1.300   1.500    0   10                       [0]+[1]*x+[2]*x^2+[3]*log(x)   4    -32.95207      1.05214      0.00013     21.38334
   5.0  300.0   1.300   1.500   10   20                       [0]+[1]*x+[2]*x^2+[3]*log(x)   4    -33.22640      1.10087     -0.00001     20.02153
   5.0  300.0   1.300   1.500   20   30                       [0]+[1]*x+[2]*x^2+[3]*log(x)   4    -33.53550      1.12259     -0.00003     19.26066
   5.0  300.0   1.300   1.500   30   40                       [0]+[1]*x+[2]*x^2+[3]*log(x)   4    -39.58577      1.03176      0.00020     21.98741
   5.0  300.0   1.300   1.500   40   60                       [0]+[1]*x+[2]*x^2+[3]*log(x)   4    -36.26839      1.10658     -0.00005     20.60678
   5.0  300.0   1.300   1.500   60   80                       [0]+[1]*x+[2]*x^2+[3]*log(x)   4    -36.12543      1.10607      0.00002     20.69766
   5.0  300.0   1.300   1.500   80   -1                       [0]+[1]*x+[2]*x^2+[3]*log(x)   4    -37.16106      1.04205      0.00025     21.41555
   5.0  300.0   1.500   1.700    0   10                       [0]+[1]*x+[2]*x^2+[3]*log(x)   4    -29.69052      0.91538      0.00026     20.38837
   5.0  300.0   1.500   1.700   10   20                       [0]+[1]*x+[2]*x^2+[3]*log(x)   4    -30.23610      0.95825      0.00010     19.39253
   5.0  300.0   1.500   1.700   20   30                       [0]+[1]*x+[2]*x^2+[3]*log(x)   4    -32.60020      0.94590      0.00016     19.70373
   5.0  300.0   1.500   1.700   30   40                       [0]+[1]*x+[2]*x^2+[3]*log(x)   4    -33.96304      0.92627      0.00020     20.30789
   5.0  300.0   1.500   1.700   40   60                       [0]+[1]*x+[2]*x^2+[3]*log(x)   4    -35.18176      0.90822      0.00023     21.15338
   5.0  300.0   1.500   1.700   60   80                       [0]+[1]*x+[2]*x^2+[3]*log(x)   4    -34.90600      0.92465      0.00020     21.05634
   5.0  300.0   1.500   1.700   80   -1                       [0]+[1]*x+[2]*x^2+[3]*log(x)   4    -37.44372      0.84572      0.00048     22.30436
   5.0  300.0   1.700   1.900    0   10                       [0]+[1]*x+[2]*x^2+[3]*log(x)   4    -28.72808      0.88430      0.00030     20.15819
   5.0  300.0   1.700   1.900   10   20                       [0]+[1]*x+[2]*x^2+[3]*log(x)   4    -29.79294      0.88966      0.00032     19.45726
   5.0  300.0   1.700   1.900   20   30                       [0]+[1]*x+[2]*x^2+[3]*log(x)   4    -30.71320      0.90553      0.00027     18.99731
   5.0  300.0   1.700   1.900   30   40                       [0]+[1]*x+[2]*x^2+[3]*log(x)   4    -31.16731      0.90288      0.00026     19.11211
   5.0  300.0   1.700   1.900   40   60                       [0]+[1]*x+[2]*x^2+[3]*log(x)   4    -33.19427      0.86420      0.00035     20.39752
   5.0  300.0   1.700   1.900   60   80                       [0]+[1]*x+[2]*x^2+[3]*log(x)   4    -34.24320      0.84895      0.00044     21.15288
   5.0  300.0   1.700   1.900   80   -1                       [0]+[1]*x+[2]*x^2+[3]*log(x)   4    -34.72694      0.85159      0.00042     21.12030
   5.0  300.0   1.900   2.100    0   10                       [0]+[1]*x+[2]*x^2+[3]*log(x)   4    -26.76143      0.81339      0.00052     19.36188
   5.0  300.0   1.900   2.100   10   20                       [0]+[1]*x+[2]*x^2+[3]*log(x)   4    -26.11759      0.87632      0.00034     17.48596
   5.0  300.0   1.900   2.100   20   30                       [0]+[1]*x+[2]*x^2+[3]*log(x)   4    -27.42235      0.88960      0.00030     17.02626
   5.0  300.0   1.900   2.100   30   40                       [0]+[1]*x+[2]*x^2+[3]*log(x)   4    -28.24770      0.86683      0.00036     17.41609
   5.0  300.0   1.900   2.100   40   60                       [0]+[1]*x+[2]*x^2+[3]*log(x)   4    -28.71667      0.85070      0.00039     18.09557
   5.0  300.0   1.900   2.100   60   80                       [0]+[1]*x+[2]*x^2+[3]*log(x)   4    -32.29640      0.79107      0.00058     20.01806
   5.0  300.0   1.900   2.100   80   -1                       [0]+[1]*x+[2]*x^2+[3]*log(x)   4    -29.56801      0.83522      0.00058     18.53124
   5.0  300.0   2.100   2.300    0   10                       [0]+[1]*x+[2]*x^2+[3]*log(x)   4    -21.97859      0.86338      0.00031     16.84030
   5.0  300.0   2.100   2.300   10   20                       [0]+[1]*x+[2]*x^2+[3]*log(x)   4    -23.88593      0.88111      0.00024     15.95263
   5.0  300.0   2.100   2.300   20   30                       [0]+[1]*x+[2]*x^2+[3]*log(x)   4    -25.06515      0.90395      0.00021     15.03064
   5.0  300.0   2.100   2.300   30   40                       [0]+[1]*x+[2]*x^2+[3]*log(x)   4    -26.00124      0.88540      0.00026     15.41441
   5.0  300.0   2.100   2.300   40   60                       [0]+[1]*x+[2]*x^2+[3]*log(x)   4    -28.34752      0.84354      0.00031     17.02494
   5.0  300.0   2.100   2.300   60   80                       [0]+[1]*x+[2]*x^2+[3]*log(x)   4    -32.75497      0.73958      0.00068     19.59345
   5.0  300.0   2.100   2.300   80   -1                       [0]+[1]*x+[2]*x^2+[3]*log(x)   4    -36.86666      0.64194      0.00116     21.26392
   5.0  300.0   2.300   2.500    0   10                       [0]+[1]*x+[2]*x^2+[3]*log(x)   4    -26.67564      0.76211      0.00058     19.67661
   5.0  300.0   2.300   2.500   10   20                       [0]+[1]*x+[2]*x^2+[3]*log(x)   4    -27.10598      0.80150      0.00047     17.89560
   5.0  300.0   2.300   2.500   20   30                       [0]+[1]*x+[2]*x^2+[3]*log(x)   4    -30.82086      0.79178      0.00053     17.91664
   5.0  300.0   2.300   2.500   30   40                       [0]+[1]*x+[2]*x^2+[3]*log(x)   4    -33.16301      0.76114      0.00057     18.86256
   5.0  300.0   2.300   2.500   40   60                       [0]+[1]*x+[2]*x^2+[3]*log(x)   4    -33.84757      0.74965      0.00054     19.74552
   5.0  300.0   2.300   2.500   60   80                       [0]+[1]*x+[2]*x^2+[3]*log(x)   4    -38.80595      0.64085      0.00105     22.44292
   5.0  300.0   2.300   2.500   80   -1                       [0]+[1]*x+[2]*x^2+[3]*log(x)   4    -38.55821      0.62331      0.00108     22.16764
   5.0  300.0   2.500   2.700    0   10                       [0]+[1]*x+[2]*x^2+[3]*log(x)   4    -45.90237      0.49481      0.00141     29.16841
   5.0  300.0   2.500   2.700   10   20                       [0]+[1]*x+[2]*x^2+[3]*log(x)   4    -51.94971      0.60984      0.00093     27.46948
   5.0  300.0   2.500   2.700   20   30                       [0]+[1]*x+[2]*x^2+[3]*log(x)   4    -65.65842      0.61170      0.00097     29.33474
   5.0  300.0   2.500   2.700   30   40                       [0]+[1]*x+[2]*x^2+[3]*log(x)   4    -71.32857      0.51907      0.00117     31.64239
   5.0  300.0   2.500   2.700   40   60                       [0]+[1]*x+[2]*x^2+[3]*log(x)   4    -73.77253      0.47608      0.00126     33.52710
   5.0  200.0   2.500   2.700   60   80                       [0]+[1]*x+[2]*x^2+[3]*log(x)   4    -73.28288      0.41005      0.00172     34.40328
   5.0  200.0   2.500   2.700   80   -1                       [0]+[1]*x+[2]*x^2+[3]*log(x)   4    -79.32000      0.32571      0.00203     36.35692
   5.0  300.0   2.700   3.000    0   10                       [0]+[1]*x+[2]*x^2+[3]*log(x)   4    -56.86884      0.22034      0.00279     36.59970
   5.0  300.0   2.700   3.000   10   20                       [0]+[1]*x+[2]*x^2+[3]*log(x)   4    -58.72846      0.41694      0.00205     33.00679
   5.0  300.0   2.700   3.000   20   30                       [0]+[1]*x+[2]*x^2+[3]*log(x)   4    -67.57067      0.52980      0.00153     32.83706
   5.0  300.0   2.700   3.000   30   40                       [0]+[1]*x+[2]*x^2+[3]*log(x)   4    -84.09045      0.24737      0.00241     39.94579
   5.0  300.0   2.700   3.000   40   60                       [0]+[1]*x+[2]*x^2+[3]*log(x)   4    -78.68046      0.24322      0.00241     39.26966
   5.0   80.0   2.700   3.000   60   80                       [0]+[1]*x+[2]*x^2+[3]*log(x)   4   -131.84824     -1.56527      0.01363     69.06753
   5.0   80.0   2.700   3.000   80   -1                       [0]+[1]*x+[2]*x^2+[3]*log(x)   4   -147.85398     -2.12614      0.01765     77.11587
   5.0  300.0   3.000   3.300    0   10                       [0]+[1]*x+[2]*x^2+[3]*log(x)   4    -21.54993      0.64692      0.00063     14.80299
   5.0  300.0   3.000   3.300   10   20                       [0]+[1]*x+[2]*x^2+[3]*log(x)   4    -10.85177      0.89694     -0.00027      7.82378
   5.0  300.0   3.000   3.300   20   30                       [0]+[1]*x+[2]*x^2+[3]*log(x)   4    -10.45269      0.89479     -0.00016      6.45255
   5.0  300.0   3.000   3.300   30   40                       [0]+[1]*x+[2]*x^2+[3]*log(x)   4     -8.05847      0.92361     -0.00022      5.36871
   5.0  300.0   3.000   3.300   40   60                       [0]+[1]*x+[2]*x^2+[3]*log(x)   4    -15.44980      0.81445     -0.00002      9.16656
   5.0  110.0   3.000   3.300   60   80                       [0]+[1]*x+[2]*x^2+[3]*log(x)   4    -15.22005      0.77175      0.00053      9.48379
   5.0  110.0   3.000   3.300   80   -1                       [0]+[1]*x+[2]*x^2+[3]*log(x)   4    -14.68168      0.87601     -0.00035      8.38553
   5.0  150.0   3.300   3.600    0   10                       [0]+[1]*x+[2]*x^2+[3]*log(x)   4    -23.32823      0.38387      0.00227     16.90677
   5.0  150.0   3.300   3.600   10   20                       [0]+[1]*x+[2]*x^2+[3]*log(x)   4    -18.36502      0.58854      0.00124     12.20098
   5.0  150.0   3.300   3.600   20   30                       [0]+[1]*x+[2]*x^2+[3]*log(x)   4    -13.55262      0.73641      0.00051      8.35196
   5.0  150.0   3.300   3.600   30   40                       [0]+[1]*x+[2]*x^2+[3]*log(x)   4    -20.26836      0.61518      0.00097     11.31964
   5.0  150.0   3.300   3.600   40   60                       [0]+[1]*x+[2]*x^2+[3]*log(x)   4    -24.92476      0.47190      0.00160     14.34558
   5.0  150.0   3.300   3.600   60   80                       [0]+[1]*x+[2]*x^2+[3]*log(x)   4    -33.82408      0.27261      0.00251     18.92332
   5.0  110.0   3.300   3.600   80   -1                       [0]+[1]*x+[2]*x^2+[3]*log(x)   4    -50.85138     -0.48396      0.00759     28.85478
   5.0  200.0   3.600   4.000    0   10                       [0]+[1]*x+[2]*x^2+[3]*log(x)   4    -14.33561      0.55491      0.00125     11.65503
   5.0  200.0   3.600   4.000   10   20                       [0]+[1]*x+[2]*x^2+[3]*log(x)   4    -13.52132      0.63677      0.00080      9.05776
   5.0  200.0   3.600   4.000   20   30                       [0]+[1]*x+[2]*x^2+[3]*log(x)   4    -17.46450      0.57440      0.00120      9.26779
   5.0  150.0   3.600   4.000   30   40                       [0]+[1]*x+[2]*x^2+[3]*log(x)   4    -19.06522      0.57939      0.00099      9.71610
   5.0  150.0   3.600   4.000   40   60                       [0]+[1]*x+[2]*x^2+[3]*log(x)   4    -21.79249      0.58240      0.00075     11.14927
   5.0  150.0   3.600   4.000   60   80                       [0]+[1]*x+[2]*x^2+[3]*log(x)   4    -41.26283     -0.03500      0.00440     21.71817
   5.0  150.0   3.600   4.000   80   -1                       [0]+[1]*x+[2]*x^2+[3]*log(x)   4     -8.19993      0.97297     -0.00139      4.02009
   5.0  100.0   4.000   4.500    0   10                       [0]+[1]*x+[2]*x^2+[3]*log(x)   4    -25.94206      0.11067      0.00391     19.02480
   5.0  100.0   4.000   4.500   10   20                       [0]+[1]*x+[2]*x^2+[3]*log(x)   4    -17.38202      0.45157      0.00189     12.42728
   5.0  100.0   4.000   4.500   20   30                       [0]+[1]*x+[2]*x^2+[3]*log(x)   4    -20.37580      0.34658      0.00254     12.78751
   5.0  100.0   4.000   4.500   30   40                       [0]+[1]*x+[2]*x^2+[3]*log(x)   4    -36.91721     -0.12717      0.00494     21.30023
   5.0  100.0   4.000   4.500   40   60                       [0]+[1]*x+[2]*x^2+[3]*log(x)   4    -26.84164      0.18284      0.00331     16.36494
   5.0  100.0   4.000   4.500   60   80                       [0]+[1]*x+[2]*x^2+[3]*log(x)   4    -22.34678      0.30680      0.00331     13.84277
   5.0  100.0   4.000   4.500   80   -1                       [0]+[1]*x+[2]*x^2+[3]*log(x)   4    -18.53073      0.47179      0.00176     11.47896
   5.0   80.0   4.500   5.000    0   10                       [0]+[1]*x+[2]*x^2+[3]*log(x)   4    -42.07064     -0.84686      0.01425     29.98429
   5.0   80.0   4.500   5.000   10   20                       [0]+[1]*x+[2]*x^2+[3]*log(x)   4     -3.98134      1.63662     -0.00832      1.40058
   5.0   80.0   4.500   5.000   20   30                       [0]+[1]*x+[2]*x^2+[3]*log(x)   4    -35.30034      0.36743      0.00176     17.53200
   5.0   80.0   4.500   5.000   30   40                       [0]+[1]*x+[2]*x^2+[3]*log(x)   4    -14.20676      1.62104     -0.00991      3.28518
   5.0   60.0   4.500   5.000   40   60                       [0]+[1]*x+[2]*x^2+[3]*log(x)   4    -28.07669      1.25828     -0.00832     10.83446
   5.0   60.0   4.500   5.000   60   80                       [0]+[1]*x+[2]*x^2+[3]*log(x)   4    -43.43580      1.05344     -0.01169     18.42153
   5.0   60.0   4.500   5.000   80   -1                       [0]+[1]*x+[2]*x^2+[3]*log(x)   4    -58.50077     -0.07564      0.00186     28.70535
